nu = 12 MHz,
slope =  2.4287939461461603
nu = 13 MHz,
slope =  2.3226065730741174
nu = 14 MHz,
slope =  1.973170549375198
nu = 15 MHz,
slope =  1.8779377404662596
Average g value =  1.6840588159441203 1.651177806700949 1.6527047830202535 1.6818365337421737